x,y,cluster
1,1.75883490172811,0.1305820423169,2
2,0.781326201066762,0.498192151967322,4
3,0.982459678569097,0.583596520876005,4
4,1.90365100552979,0.0832383160740433,2
5,1.93676067028787,0.0742646686162468,2
6,1.95996837923044,0.0724080519008404,2
7,0.850330455656025,0.587309754306818,4
8,0.874157036837071,0.576170054014381,4
9,0.450229553485996,0.23269596166424,4
10,0.376893193227452,0.165548323790383,4
11,0.710155893642859,0.46044094542073,4
12,0.9230479436761,0.588238062664521,4
13,0.715106871550609,0.450848425724465,4
14,0.688804801415688,0.357089281596453,4
15,0.523875349863774,0.255903670606817,4
16,0.874157036837071,0.598758890718489,4
17,0.91097993502596,0.634344044430441,4
18,1.93150025626088,0.103351663824276,2
19,0.910361062787491,0.582977648637537,4
20,0.752239205858732,0.432901130808872,4
21,0.746669355712514,0.398553721573857,4
22,0.709537021404391,0.376274320988983,4
23,0.745122175116342,0.246311150910552,1
24,0.604947613103176,0.197110807952288,4
25,0.808556579559386,0.482720346005604,4
26,1.06198476121233,0.493241174059572,4
27,0.924285688153037,0.469724028997761,4
28,0.922119635318397,0.324598489076845,1
29,0.756571311528014,0.220009080775631,1
30,1.12325311282073,0.549558547760226,4
31,1.07776600329328,0.51583001076368,4
32,1.06600743076237,0.509641288378993,4
33,2.12366008630542,0.119442342024463,2
34,1.09695104268581,0.483029782124838,4
35,0.906338393237444,0.292417132676472,1
36,0.821862332686464,0.225888367041084,1
37,2.08467113528189,0.081381699358637,2
38,1.89096412464118,0.0720986157816061,2
39,2.02959150605818,0.120370650382166,2
40,2.15243764539422,0.178854076917461,2
41,0.76554495898581,0.378749809942858,4
42,0.958942533507286,0.496026099132681,4
43,0.597830582360786,0.205465583171616,4
44,0.549558547760226,0.191850393925304,4
45,0.741099505566295,0.422999174993372,4
46,0.802058421055465,0.467867412282354,4
47,0.805771654486277,0.48457696272101,4
48,0.641151639053597,0.348115634138657,4
49,0.737076836016249,0.51861493583679,4
50,1.74336309576639,0.0656004572776845,2
51,0.957704789030348,0.496335535251916,4
52,0.838571883125119,0.483648654363307,4
53,2.09364478273969,0.0897364745779646,2
54,0.708918149165922,0.517067755240618,4
55,1.05548660270841,0.613302388322504,4
56,0.631249683238097,0.387414021281421,4
57,0.656623445015315,0.270447168210832,4
58,0.660646114565361,0.330168339223064,4
59,0.670238634261627,0.420214249920263,4
60,0.761522289435763,0.384319660089077,4
61,0.745741047354811,0.446516320055184,4
62,0.788133795689918,0.451467297962933,4
63,1.80308426677862,0.0764307214508874,2
64,0.882821248175633,0.451157861843699,4
65,0.843522861032869,0.388032893519889,4
66,0.848783275059853,0.330787211461532,4
67,1.45001765473222,0.0591022987737631,2
68,0.677665101123251,0.454252223036043,4
69,0.807009398963215,0.514592266286743,4
70,0.837953010886651,0.515520574644446,4
71,0.818149099255651,0.414025527535575,4
72,0.757190183766482,0.437233236478153,4
73,1.85352235421382,0.0541513208660132,2
74,0.783492253901403,0.466629667805417,4
75,2.31427273575379,0.118823469785995,2
76,0.805152782247808,0.413406655297107,4
77,0.863945644902337,0.470033465116995,4
78,1.6254679343381,0.047034290123623,2
79,0.957395352911114,0.533777305679273,4
80,1.65455492954613,0.0594117348929974,2
81,1.66043421581158,0.071170307423903,2
82,2.04104064246985,0.113872491878245,2
83,0.928617793822318,0.559151067456491,4
84,0.895198692945008,0.480244857051729,4
85,0.807937707320918,0.422999174993372,4
86,1.76131039068198,0.0779779020470592,2
87,0.503143129875072,0.439089853193559,4
88,0.537181102990851,0.369466726365828,4
89,0.905100648760507,0.101804483228105,2
90,0.689423673654157,0.405051880077779,4
91,0.789062104047622,0.493860046298041,4
92,0.870134367287024,0.393912179785342,4
93,0.873538164598602,0.400719774408498,4
94,0.830526544025026,0.495407226894212,4
95,0.846926658344447,0.68540100410411,4
96,0.722223902292999,0.470342901236229,4
97,0.781016764947528,0.437542672597387,4
98,0.830526544025026,0.519852680313727,4
99,0.675189612169377,0.303247396849674,4
100,0.710465329762094,0.371632779200468,4
101,0.551724600594866,0.424855791708778,4
102,0.535015050156211,0.391127254712233,4
103,1.23681616857974,0.0996384303934644,2
104,0.683853823507939,0.267352807018488,4
105,0.828360491190386,0.474984443024745,4
106,0.71448799931214,0.408146241270123,4
107,0.829598235667323,0.468486284520823,4
108,0.540275464183195,0.369466726365827,4
109,0.698397321111954,0.420833122158732,4
110,0.710774765881328,0.447754064532121,4
111,0.627536449807285,0.38524796844678,4
112,1.56079578541812,0.112944183520542,2
113,0.788133795689918,0.456108839751449,4
114,0.913764860099069,0.476841059740151,4
115,0.744193866758639,0.420523686039497,4
116,1.99369691622699,0.130891478436135,2
117,1.92654927835313,0.161525654240337,2
118,0.94223298306863,0.553890653429507,4
119,0.910051626668257,0.516758319121383,4
120,1.00690513198861,0.617325057872551,4
121,1.89839059150281,0.0971629414395893,2
122,1.17059683906359,0.721914466173765,4
123,0.985863475880675,0.572766256702803,4
124,0.870443803406259,0.403814135600842,4
125,0.900459106971991,0.500358204801962,4
126,0.971629414395895,0.521399860909899,4
127,1.05053562480066,0.554200089548741,4
128,0.96915392544202,0.50871298002129,4
129,0.520471552552196,0.541203772540898,4
130,1.02670904361961,0.487980760032588,4
131,1.20865748172942,0.644864872484409,4
132,1.02113919347339,0.357089281596453,1
133,0.862089028186931,0.264877318064613,1
134,0.498811024205791,0.502833693755837,4
135,0.528207455533055,0.493241174059572,4
136,0.311292735949768,0.279420815668628,4
137,0.31005499147283,0.228363855994959,4
138,0.670238634261627,0.501905385398134,4
139,0.648268669795987,0.487361887794119,4
140,0.67333299545397,0.52573196657918,4
141,0.699325629469657,0.523565913744539,4
142,0.720986157816062,0.575241745656678,4
143,0.61515900503791,0.517996063598321,4
144,0.606185357580114,0.288394463126425,4
145,0.722842774531468,0.500358204801962,4
146,1.19101962293306,0.0758118492124184,2
147,0.64424600024594,0.428569025139591,4
148,0.742646686162467,0.530992380606164,4
149,0.636200661145847,0.252190437176005,4
150,0.660955550684596,0.292107696557237,4
151,1.31974504853455,0.0912836551741365,2
152,0.660955550684596,0.433210566928106,4
153,0.733363602585437,0.359255334431094,4
154,0.653529083822971,0.31717202221522,4
155,1.52923330125621,0.0569362459391224,2
156,1.55058439348339,0.0711703074239031,2
157,1.47477254427097,0.0748835408547155,2
158,0.78751492345145,0.558222759098788,4
159,0.671476378738564,0.560079375814194,4
160,0.663740475757705,0.568743587152756,4
161,0.679831153957892,0.546464186567882,4
162,0.628155322045754,0.525113094340711,4
163,0.681068898434829,0.477150495859385,4
164,0.897983618018117,0.598449454599255,4
165,1.07312446150477,0.704895479615875,4
166,0.956467044553411,0.600615507433895,4
167,2.18987941582158,0.0770495936893558,2
168,1.57379210242596,0.331715519819235,1
169,0.775137478682075,0.662812167400002,4
170,0.929546102180022,0.748216536308686,4
171,0.563173737006538,0.599068326837724,4
172,0.712940818715968,0.667453709188517,4
173,0.70025393782736,0.575551181775912,4
174,0.719748413339125,0.617015621753317,4
175,0.88189293981793,0.789990412405325,4
176,1.55770142422578,0.0637438405622784,2
177,2.12830162809394,0.106755461135854,2
178,1.33769234345014,0.081381699358637,2
179,0.773899734205138,0.708918149165922,4
180,0.706442660212047,0.534086741798508,4
181,0.89891192637582,0.695612396038844,4
182,1.69354388056966,0.0696231268277314,2
183,0.72934093303539,0.638366713980488,4
184,0.773899734205138,0.607423102057051,4
185,1.06848291971625,0.706133224092813,4
186,1.42340614847806,0.0566268098198882,2
187,0.680759462315595,0.611136335487864,4
188,1.30953365659982,0.0609589154891693,2
189,1.51840303708301,0.0656004572776848,2
190,0.811032068513261,0.684163259627173,4
191,1.16781191399048,0.345021272946313,1
192,0.938210313518584,0.682925515150236,4
193,1.17307232801746,0.82866992730962,4
194,0.837953010886651,0.65909893396919,4
195,0.863945644902337,0.649815850392159,4
196,1.55955804094118,0.0702419990662001,2
197,0.942542419187865,0.668382017546221,4
198,2.0261877087466,0.0878798578625588,2
199,1.75295561546266,0.0702419990662002,2
200,2.1775019710522,0.0631249683238096,2
201,1.0022635902001,0.764616650628107,4
202,2.1883322352254,0.082928879954809,2
203,0.936972569041646,0.609279718772458,4
204,1.03444494660047,0.703038862900469,4
205,1.30520155093054,1.01649765168488,4
206,1.99679127741933,0.0668382017546219,2
207,0.979365317376754,0.728722060796921,4
208,0.954300991718771,0.685091567984876,4
209,1.05641491106611,0.690970854250329,4
210,1.06724517523931,0.748216536308686,4
211,1.13965322714015,0.892413767871898,4
212,0.693136907084969,0.62010998294566,4
213,1.71613271727377,0.0816911354778714,2
214,1.92345491716079,0.0764307214508873,2
215,1.58090913316835,0.0656004572776847,2
216,1.41876460668955,0.0594117348929975,2
217,0.802677293293933,0.552962345071804,4
218,1.00257302631933,0.746669355712514,4
219,1.82598253960197,0.0956157608434177,2
220,1.62949060388815,0.0631249683238098,2
221,2.107259971986,0.086332677266387,2
222,1.30241662585743,0.0646721489199814,2
223,1.84578645123297,0.0686948184700283,2
224,0.793703645836137,0.580502159683662,4
225,1.72232143965846,0.0581739904160598,2
226,1.99153086339235,0.109849822328198,2
227,0.896745873541179,0.674261303811673,4
228,1.83062408139048,0.0860232411471524,2
229,2.19390208537162,0.0733363602585437,2
230,1.63567932627283,0.0553890653429509,2
231,1.7343894483086,0.0736457963777779,2
232,1.40019843953549,0.0606494793699349,2
233,2.04444443978143,0.0943780163664804,2
234,1.98503270488843,0.069313690708497,2
235,1.56389014661046,0.0553890653429508,2
236,0.904791212641273,0.556056706264147,4
237,0.962036894699629,0.688804801415688,4
238,1.61061500061485,0.0662193295161535,2
239,1.88972638016424,0.0888081662202618,2
240,0.990505017669191,0.658789497849955,4
241,2.00483661651943,0.102732791585808,2
242,1.77832937723988,0.0798345187624651,2
243,1.64465297373063,0.064053276681513,2
244,1.88632258285267,0.064981585039216,2
245,1.76347644351663,0.0841666244317461,2
246,1.57626759137984,0.0677665101123252,2
247,1.90581705836443,0.0643627128007471,2
248,1.81082016975948,0.0569362459391224,2
249,0.664978220234643,0.595045657287677,4
250,1.44723272965911,0.0900459106971991,2
251,1.25692951632998,0.115419672474417,2
252,0.632796863834269,0.731197549750796,3
253,0.666834836950049,0.636200661145847,4
254,1.4859122445634,0.0884987301010275,2
255,1.87394513808329,0.124393319932213,2
256,2.00916872218871,0.144197231563212,2
257,1.59730924748777,0.0987101220357611,2
258,0.720057849458359,0.679212281719423,4
259,1.51345205917526,0.133676403509244,2
260,0.709537021404391,0.694993523800376,4
261,1.43021374310122,0.110468694566667,2
262,0.60587592146088,0.680140590077126,4
263,0.901696851448929,0.689733109773392,4
264,1.2742579390071,0.0993289942742301,2
265,1.58059969704912,0.094996888604949,2
266,0.742646686162467,0.663121603519236,4
267,1.48158013889412,0.110159258447433,2
268,1.62206413702652,0.117585725309057,2
269,1.58616954719534,0.120370650382167,2
270,0.699016193350422,0.674570739930908,4
271,0.901696851448929,0.754405258693373,4
272,1.93335687297629,0.101185610989636,2
273,1.72479692861233,0.0776684659278249,2
274,1.7056118892198,0.0782873381662934,2
275,1.66352857700393,0.117276289189823,2
276,0.878489142506352,0.933568771730068,3
277,1.74491027636256,0.0847854966702151,2
278,0.647649797557518,0.625989269211113,4
279,1.92221717268385,0.0996384303934644,2
280,1.71613271727377,0.0776684659278249,2
281,0.758737364362654,0.852187072371431,3
282,0.602472124149302,0.554200089548741,4
283,0.695921832158079,0.817530227017183,3
284,1.80525031961326,0.11634798083212,2
285,1.65857759909618,0.0999478665126987,2
286,1.74088760681252,0.0909742190549023,2
287,1.64805677104221,0.11139700292437,2
288,0.794322518074606,0.929236666060787,3
289,1.36863595537358,0.0987101220357612,2
290,1.30551098704977,0.0956157608434175,2
291,1.30458267869207,0.0652910211584503,2
292,0.577098362372084,0.678593409480955,4
293,0.576479490133615,0.623823216376473,4
294,0.833311469098135,0.754405258693373,4
295,1.94387770103026,0.149457645590196,2
296,1.69014008325808,0.119751778143698,2
297,0.649506414272925,0.590094679379927,4
298,1.44382893234753,0.120370650382166,2
299,1.54192018214482,0.137699073059291,2
300,0.67116694261933,0.683853823507939,4
301,1.44816103801681,0.0844760605509806,2
302,0.907885573833616,0.750692025262561,4
303,1.64403410149216,0.106755461135855,2
304,0.670238634261627,0.79679800702848,3
305,1.46115735502465,0.127797117243791,2
306,1.46889325800551,0.0909742190549021,2
307,1.49798025321354,0.102423355466573,2
308,0.846307786105978,0.732125858108499,4
309,1.53170879021009,0.134604711866947,2
310,0.677974537242486,0.724080519008406,4
311,0.742956122281702,0.617015621753317,4
312,0.458274892586089,0.534396177917742,4
313,0.664049911876939,0.777303531516716,3
314,0.630321374880394,0.618253366230254,4
315,0.616087313395614,0.565649225960413,4
316,0.90107797921046,0.693136907084969,4
317,1.94387770103026,0.127178245005322,2
318,0.833311469098135,0.823100077163401,3
319,0.710465329762094,0.635272352788144,4
320,0.867349442213915,1.00040697348469,3
321,0.824028385521104,0.860232411471525,3
322,0.71448799931214,0.700563373946594,4
323,0.633106299953503,0.637438405622784,4
324,0.846926658344447,0.682925515150236,4
325,0.712631382596734,0.634034608311207,4
326,0.64703092531905,0.776065787039778,3
327,0.590094679379927,0.691280290369563,4
328,1.88848863568731,0.0912836551741365,2
329,0.677046228884783,0.835168085813541,3
330,0.613302388322504,0.730888113631562,3
331,1.6164942868803,0.0801439548816995,2
332,0.415263272012513,0.694374651561907,3
333,0.483958090482541,0.287466154768722,4
334,0.330477775342298,0.553271781191038,4
335,0.428878461258825,0.414953835893279,4
336,0.389580074116061,0.501286513159665,4
337,0.396078232619983,0.533777305679273,4
338,0.320266383407564,0.420214249920263,4
339,0.329858903103829,0.509950724498228,4
340,1.35935287179655,0.0875704217433244,2
341,0.524803658221477,0.447444628412887,4
342,0.568743587152756,0.885296737129508,3
343,0.543060389256304,0.429187897378059,4
344,0.514592266286743,0.532230125083102,4
345,0.481792037647901,0.539347155825492,4
346,0.481792037647901,0.47467500690551,4
347,0.393602743666108,0.485505271078713,4
348,0.573694565060506,0.75564300317031,3
349,0.516448883002149,0.401029210527732,4
350,0.594736221168443,0.707061532450516,3
351,0.622276035780301,0.554200089548741,4
352,0.607113665937817,0.568743587152756,4
353,0.629083630403457,0.745122175116342,3
354,0.540894336421664,0.481482601528666,4
355,0.517067755240618,0.582977648637537,4
356,1.32314884584613,0.104589408301214,2
357,0.69035198201186,0.579573851325959,4
358,0.673951867692439,0.754095822574139,3
359,0.701182246185063,0.488909068390291,4
360,0.619800546826426,0.517996063598321,4
361,0.626917577568816,0.803296165532402,3
362,0.51861493583679,0.452705042439871,4
363,0.475293879143979,0.568743587152756,4
364,0.657861189492252,0.659717806207659,4
365,0.669000889784689,0.510879032855931,4
366,0.647649797557518,0.6321779915958,4
367,0.675189612169377,0.500048768682728,4
368,0.596902274003083,0.491384557344166,4
369,0.675499048288611,0.811032068513261,3
370,0.544298133733242,0.480244857051729,4
371,0.521399860909899,0.578336106849021,4
372,0.641770511292066,0.721605030054531,4
373,0.64424600024594,0.53779997522932,4
374,0.608970282653223,0.565958662079647,4
375,0.582049340279834,0.457656020347621,4
376,0.645174308603643,0.774518606443606,3
377,0.446825756174418,0.421761430516435,4
378,0.398553721573857,0.426712408424184,4
379,0.483648654363307,0.71943897721989,3
380,0.50871298002129,0.470342901236229,4
381,0.564102045364241,0.788443231809153,3
382,0.507475235544353,0.442803086624371,4
383,0.4313539502127,0.482720346005604,4
384,0.455799403632214,0.464463614970776,4
385,0.39019894635453,0.425165227828013,4
386,0.399482029931561,0.545845314329413,4
387,0.368538418008124,0.753167514216436,3
388,0.619800546826426,0.519543244194493,4
389,0.620728855184129,0.778541275993653,3
390,0.501905385398134,0.429187897378059,4
391,0.523256477625305,0.482410909886369,4
392,0.498501588086556,0.571219076106631,4
393,0.43847098095509,0.392983871427639,4
394,0.432282258570403,0.505618618828947,4
395,0.646102616961347,0.648268669795987,4
396,0.677974537242486,0.557294450741085,4
397,0.584524829233709,0.702419990662,3
398,0.585453137591412,0.465391923328479,4
399,0.60092494355313,0.527588583294586,4
400,0.583287084756771,0.7924659013592,3
401,0.517996063598321,0.474984443024745,4
402,0.443731394982074,0.531920688963867,4
403,0.599068326837724,0.683544387388704,4
404,0.53779997522932,0.435995492001215,4
405,0.633415736072738,0.644555436365175,4
406,0.608351410414754,0.469105156759292,4
407,0.573694565060506,0.474984443024745,4
408,0.578026670729787,0.75347695033567,3
409,0.529754636129227,0.48457696272101,4
410,0.503143129875072,0.580811595802896,4
411,0.582358776399068,0.712012510358266,3
412,0.663431039638471,0.585762573710646,4
413,0.652600775465268,0.60309099638777,4
414,0.635272352788144,0.483339218244073,4
415,0.539347155825492,0.487671323913354,4
416,0.601234379672364,0.814745301944074,3
417,0.448991809009058,0.440018161551262,4
418,0.514592266286743,0.527898019413821,4
419,0.470961773474698,0.645174308603643,4
420,0.524494222102243,0.517067755240618,4
421,0.59380791281074,0.54275095313707,4
422,0.564411481483475,0.461678689897667,4
423,0.555437834025679,0.532539561202336,4
424,1.6462001543268,0.123155575455276,2
425,0.390817818592998,0.4313539502127,4
426,0.356470409357984,0.481482601528666,4
427,1.21268015127946,0.08231000771634,2
428,0.514592266286743,0.534396177917742,4
429,1.13717773818628,0.0702419990662,2
430,1.3633755413466,0.0980912497972927,2
431,1.05177336927759,0.0711703074239032,2
432,0.33914198668086,0.394531052023811,4
433,0.357089281596453,0.480863729290198,4
434,0.298296418941924,0.374727140392812,4
435,0.621657163541832,0.638057277861253,4
436,0.575241745656678,0.576479490133615,4
437,0.646102616961347,0.502214821517369,4
438,0.791537593001496,0.686019876342579,4
439,0.696850140515782,0.624442088614941,4
440,1.13501168535164,0.120370650382167,2
441,0.537181102990851,0.560388811933428,4
442,0.409074549627826,0.478078804217088,4
443,0.709846457523625,0.587309754306818,4
444,0.696231268277313,0.623823216376473,4
445,0.677974537242486,0.506856363305884,4
446,0.844141733271338,0.645793180842112,4
447,0.738933452731655,0.689733109773392,4
448,0.629393066522691,0.797726315386184,3
449,0.532230125083102,0.569981331629694,4
450,0.545535878210179,0.573694565060506,4
451,0.773590298085904,0.716654052146781,4
452,0.662502731280768,0.523565913744539,4
453,0.828979363428854,0.533467869560039,4
454,0.81165094075173,0.658789497849956,4
455,1.67033617162708,0.0755024130931842,2
456,0.698706757231188,0.917168657410647,3
457,0.565649225960413,0.575551181775912,4
458,0.577407798491318,0.605875921460879,4
459,0.940685802472459,0.785039434497575,4
460,0.807318835082449,0.61515900503791,4
461,0.798035751505418,0.597830582360786,4
462,0.888391098321852,0.623204344138004,4
463,0.814745301944073,0.667144273069283,4
464,0.785658306736044,0.780397892709059,4
465,0.547392494925585,0.597211710122317,4
466,0.64424600024594,0.687257620819517,4
467,0.80174898493623,0.70520491573511,4
468,0.748216536308686,0.607423102057051,4
469,0.687567056938751,0.527588583294586,4
470,0.733673038704671,0.519852680313727,4
471,0.785658306736044,0.621966599661066,4
472,0.736767399897014,0.714797435431375,4
473,0.563483173125772,0.626608141449582,4
474,0.562864300887303,0.628464758164988,4
475,0.598449454599255,0.574622873418209,4
476,0.561007684171897,0.51861493583679,4
477,0.53779997522932,0.479007112574791,4
478,1.56389014661046,0.102113919347339,2
479,0.624751524734176,0.671476378738564,4
480,0.490456248986463,0.552343472833335,4
481,0.470342901236229,0.527588583294586,4
482,0.37813093770439,0.484267526601776,4
483,1.5660561994451,0.0934497080087773,2
484,0.697778448873485,0.620419419064895,4
485,1.38658325028917,0.0875704217433244,2
486,0.830217107905792,0.612683516084035,4
487,1.11644551819758,0.343474092350141,1
488,0.638676150099722,0.764616650628107,3
489,1.25321628289916,0.0841666244317462,2
490,0.522328169267602,0.575551181775912,4
491,1.79627667215547,0.0996384303934645,2
492,0.664668784115408,0.587309754306818,4
493,0.785348870616809,0.539656591944726,4
494,0.825885002236511,0.616396749514848,4
495,0.773280861966669,0.612064643845567,4
496,0.770186500774325,0.870443803406259,3
497,0.614849568918676,0.686329312461814,4
498,0.647649797557518,0.625679833091879,4
499,0.814745301944074,0.705514351854344,4
500,0.763997778389638,0.629083630403457,4
501,0.75842792824342,0.541203772540898,4
502,0.85497199744454,0.643008255769003,4
503,0.746050483474045,0.591332423856865,4
504,0.746978791831749,0.769877064655091,4
505,0.599687199076192,0.599996635195427,4
506,0.609589154891692,0.649815850392159,4
507,0.784729998378341,0.715416307669844,4
508,0.780707328828294,0.646412053080581,4
509,0.712012510358266,0.528516891652289,4
510,0.768948756297388,0.561626556410366,4
511,0.775137478682075,0.628464758164988,4
512,0.818149099255652,0.796179134790012,4
513,1.16935909458665,0.0971629414395894,2
514,0.597211710122318,0.631559119357332,4
515,0.603709868626239,0.584524829233709,4
516,0.612064643845567,0.561317120291131,4
517,0.599068326837724,0.55698501462185,4
518,0.543060389256304,0.47467500690551,4
519,0.633415736072738,0.597830582360786,4
520,0.660027242326893,0.759356236601123,3
521,0.452395606320636,0.558841631337257,4
522,0.485195834959479,0.595355093406911,4
523,0.451467297962933,0.503452565994306,4
524,0.401648082766201,0.4313539502127,4
525,0.517686627479087,0.536252794633148,4
526,0.488290196151822,0.477769368097854,4
527,0.443731394982074,0.417429324847154,4
528,0.490146812867228,0.449610681247527,4
529,0.517067755240618,0.510569596736696,4
530,0.535324486275445,0.535015050156211,4
531,1.30829591212288,0.072717488020075,2
532,1.37111144432746,0.0748835408547155,2
533,0.657861189492252,0.584215393114474,4
534,0.683544387388704,0.600306071314661,4
535,0.570290767748928,0.483958090482541,4
536,0.584834265352943,0.469414592878526,4
537,0.573075692822037,0.516448883002149,4
538,0.657242317253784,0.55976993969496,4
539,0.58390595699524,0.542441517017835,4
540,0.673642431573205,0.633415736072738,4
541,0.713869127073672,0.655385700538377,4
542,0.64919697815369,0.51861493583679,4
543,0.73429191094314,0.529135763890758,4
544,0.696540704396547,0.527588583294586,4
545,0.639913894576659,0.533467869560039,4
546,0.807318835082449,0.629083630403457,4
547,0.721295593935296,0.608351410414754,4
548,0.744812738997108,0.611136335487864,4
549,0.634653480549675,0.522018733148368,4
550,0.723152210650703,0.543369825375539,4
551,1.61370936180719,0.0690042545892627,2
552,0.782873381662934,0.556675578502616,4
553,1.58709785555304,0.0832383160740433,2
554,0.701491682304297,0.590094679379927,4
555,0.698087884992719,0.587000318187583,4
556,1.85661671540617,0.0448682372889824,2
557,0.701491682304297,0.519852680313727,4
558,0.849711583417556,0.581121031922131,4
559,0.836405830290479,0.651363030988331,4
560,0.803915037770871,0.624751524734176,4
561,0.812888685228667,0.637438405622784,4
562,0.79679800702848,0.646412053080581,4
563,0.727793752439218,0.547083058806351,4
564,0.607732538176286,0.484886398840244,4
565,0.667763145307752,0.478388240336323,4
566,0.625370396972644,0.378749809942858,4
567,0.808556579559386,0.553890653429507,4
568,0.726246571843046,0.457037148109152,4
569,1.73593662890477,0.145125539920915,2
570,0.608351410414754,0.518924371956024,4
571,0.477769368097854,0.488909068390291,4
572,0.570909639987397,0.510569596736696,4
573,0.591951296095333,0.521709297029133,4
574,0.569053023271991,0.529135763890758,4
575,0.507165799425118,0.452395606320636,4
576,0.510569596736696,0.459512637063027,4
577,0.63496291666891,0.610208027130161,4
578,0.565649225960413,0.529135763890758,4
579,0.629083630403457,0.538418847467789,4
580,0.714178563192906,0.651363030988331,4
581,0.73150698587003,0.592260732214568,4
582,0.669929198142392,0.530992380606164,4
583,0.763069470031935,0.572766256702803,4
584,0.731816421989265,0.62506096085341,4
585,0.755643003170311,0.567815278795053,4
586,0.64919697815369,0.534705614036976,4
587,0.797416879266949,0.65909893396919,4
588,0.675808484407845,0.568124714914288,4
589,0.7726619897282,0.522328169267602,4
590,0.760284544958826,0.538728283587023,4
591,0.71727292438525,0.516139446882915,4
592,0.71943897721989,0.553581217310272,4
593,0.846617222225213,0.636200661145847,4
594,0.727793752439218,0.594426785049208,4
595,0.744193866758639,0.651672467107565,4
596,0.711084202000563,0.52078098867143,4
597,0.742956122281702,0.525113094340711,4
598,0.808247143440152,0.577098362372084,4
599,0.860232411471525,0.548630239402523,4
600,0.795560262551543,0.619491110707191,4
601,0.596592837883849,0.521399860909899,4
602,0.651981903226799,0.529754636129227,4
603,0.805462218367043,0.650125286511393,4
604,0.720057849458359,0.541203772540898,4
605,1.69942316683511,0.054770193104482,2
606,0.839500191482823,0.570909639987397,4
607,0.828360491190385,0.621038291303363,4
608,0.807937707320918,0.603400432507005,4
609,1.44661385742064,0.0884987301010274,2
610,0.651981903226799,0.464463614970776,4
611,0.607732538176286,0.483648654363307,4
612,0.693446343204204,0.541822644779367,4
613,0.768948756297388,0.602472124149302,4
614,0.662812167400002,0.562864300887303,4
615,0.725008827366109,0.560388811933428,4
616,0.711084202000562,0.559151067456491,4
617,0.661883859042299,0.504380874352009,4
618,0.411550038581701,0.519852680313727,4
619,0.453323914678339,0.519852680313727,4
620,0.452705042439871,0.567815278795053,4
621,1.25414459125687,0.071789179662372,2
622,1.10870961521672,0.0829288799548089,2
623,0.460131509301495,0.543679261494773,4
624,0.324598489076845,0.490456248986463,4
625,1.05393942211224,0.068385382350794,2
626,0.920572454722225,0.264258445826145,1
627,0.580811595802896,0.528207455533055,4
628,0.569362459391225,0.592570168333802,4
629,0.628155322045754,0.576170054014381,4
630,0.570600203868162,0.518305499717555,4
631,0.572766256702803,0.573385128941272,4
632,0.518305499717555,0.513045085690571,4
633,0.527588583294586,0.546773622687117,4
634,0.54770193104482,0.546154750448648,4
635,0.631559119357332,0.474365570786276,4
636,0.539037719706258,0.543988697614007,4
637,0.751620333620264,0.61515900503791,4
638,0.604328740864708,0.499429896444259,4
639,1.46641776905164,0.0869515495048556,2
640,1.44073457115519,0.0736457963777779,2
641,0.585453137591412,0.516139446882915,4
642,1.39710407834314,0.0597211710122316,2
643,1.45373088816303,0.0522947041506071,2
644,1.44568554906294,0.0785967742855277,2
645,1.57626759137984,0.0516758319121382,2
646,1.6155659785226,0.0776684659278248,2
647,1.45651581323614,0.0736457963777781,2
648,1.45187427144762,0.109230950089729,2
649,0.551724600594866,0.458274892586089,4
650,0.666834836950049,0.633415736072738,4
651,0.612683516084035,0.530064072248461,4
652,0.68323495126947,0.608660846533989,4
653,0.715725743789078,0.546773622687117,4
654,0.771424245251263,0.639913894576659,4
655,0.798035751505418,0.5718379483451,4
656,0.610517463249395,0.590713551618396,4
657,0.565339789841178,0.487052451674885,4
658,0.569671895510459,0.588238062664521,4
659,0.615468441157145,0.544607569852476,4
660,0.573385128941272,0.562554864768069,4
661,0.751929769739498,0.617325057872551,4
662,0.814745301944074,0.606185357580114,4
663,0.679831153957892,0.490765685105697,4
664,0.548011367164054,0.551105728356398,4
665,0.502833693755837,0.463535306613073,4
666,0.471890081832401,0.479935420932495,4
667,0.551724600594866,0.491384557344166,4
668,0.556985014621851,0.538418847467789,4
669,0.555437834025679,0.533777305679273,4
670,0.542132080898601,0.531611252844633,4
671,0.595664529526146,0.570600203868162,4
672,0.446516320055183,0.500358204801962,4
673,0.463844742732308,0.504690310471243,4
674,0.569671895510459,0.566577534318116,4
675,0.647649797557518,0.56905302327199,4
676,0.569981331629694,0.536871666871617,4
677,0.654457392180674,0.60804197429552,4
678,0.609589154891692,0.507165799425118,4
679,0.655076264419143,0.580192723564428,4
680,0.526969711056117,0.543988697614007,4
681,1.26249936647619,0.10923095008973,2
682,0.54986798387946,0.533467869560039,4
683,0.649815850392159,0.496335535251916,4
684,0.618562802349488,0.551105728356398,4
685,0.651363030988331,0.605257049222411,4
686,0.694374651561907,0.539966028063961,4
687,0.653219647703737,0.538418847467789,4
688,0.537181102990851,0.529135763890758,4
689,0.550486856117929,0.492931737940338,4
690,0.637438405622784,0.565649225960413,4
691,0.631868555476566,0.543369825375539,4
692,0.665906528592346,0.511807341213634,4
693,0.761831725554998,0.590094679379927,4
694,0.688495365296454,0.56472091760271,4
695,0.705204915735109,0.558222759098788,4
696,0.552962345071804,0.577098362372084,4
697,0.594117348929974,0.490146812867228,4
698,0.569362459391225,0.577098362372084,4
699,0.631559119357332,0.523256477625305,4
700,0.646102616961347,0.575241745656678,4
701,1.74769520143567,0.0492003429582636,2
702,0.800201804340059,0.593498476691505,4
703,0.647959233676753,0.537490539110086,4
704,0.509950724498228,0.522328169267602,4
705,0.519852680313727,0.471890081832401,4
706,0.473746698547807,0.532230125083102,4
707,0.435067183643512,0.501286513159666,4
708,0.524803658221477,0.588238062664521,4
709,0.556056706264147,0.568743587152756,4
710,0.690042545892626,0.60804197429552,4
711,0.627227013688051,0.508094107782821,4
712,0.332334392057704,0.292417132676471,4
713,0.420214249920263,0.401648082766201,4
714,0.735529655420077,0.227126111518021,1
715,0.444969139459012,0.437233236478153,4
716,0.487671323913354,0.457656020347621,4
717,0.430735077974231,0.386795149042952,4
718,0.464773051090011,0.572456820583569,4
719,0.438780417074324,0.504071438232775,4
720,0.531611252844633,0.391436690831467,4
721,0.515520574644446,0.357708153834922,4
722,1.4939575836635,0.103661099943511,2
723,0.440327597670496,0.353376048165641,4
724,0.760284544958826,0.522637605386836,4
725,0.716963488266015,0.528516891652289,4
726,0.599996635195427,0.473746698547807,4
727,0.676736792765548,0.604947613103177,4
728,0.708918149165922,0.46539192332848,4
729,0.664978220234643,0.401338646646967,4
730,0.701801118423532,0.498501588086556,4
731,0.7825639455437,0.510569596736696,4
732,0.73150698587003,0.512426213452102,4
733,0.592260732214568,0.428878461258825,4
734,0.652910211584503,0.494788354655744,4
735,0.685091567984876,0.554509525667976,4
736,0.76337890615117,0.441565342147434,4
737,0.942851855307099,0.586072009829881,4
738,0.886534481606445,0.574313437298975,4
739,0.771114809132029,0.464773051090011,4
740,0.84785496670215,0.575551181775912,4
741,0.815983046421011,0.482101473767135,4
742,0.647649797557518,0.497882715848087,4
743,0.813507557467136,0.588238062664521,4
744,0.716344616027547,0.439399289312793,4
745,0.824028385521104,0.528826327771524,4
746,0.692518034846501,0.508403543902056,4
747,0.485195834959479,0.511497905094399,4
748,0.822481204924932,0.571219076106631,4
749,0.785658306736044,0.5015959492789,4
750,0.663740475757705,0.507475235544353,4
751,0.675499048288611,0.483339218244072,4
752,0.621038291303363,0.372251651438937,4
753,0.861779592067696,0.486433579436416,4
754,0.687876493057985,0.472199517951635,4
755,0.769258192416622,0.487980760032588,4
756,0.803605601651637,0.565958662079647,4
757,0.661574422923065,0.452395606320636,4
758,0.660646114565361,0.509950724498228,4
759,0.70025393782736,0.535943358513914,4
760,0.542441517017835,0.458893764824558,4
761,0.609589154891692,0.475912751382448,4
762,0.631249683238097,0.544607569852476,4
763,0.600615507433895,0.460131509301495,4
764,0.636200661145847,0.493860046298041,4
765,0.612683516084036,0.487052451674885,4
766,0.563173737006538,0.504380874352009,4
767,0.557603886860319,0.570909639987397,4
768,0.661574422923065,0.444659703339777,4
769,0.571219076106631,0.422070866635669,4
770,0.538109411348555,0.388651765758358,4
771,0.596592837883849,0.442184214385903,4
772,0.54770193104482,0.408146241270123,4
773,0.786896051212981,0.618872238468723,4
774,0.636510097265081,0.543060389256304,4
775,0.693136907084969,0.600615507433895,4
776,0.719748413339125,0.451776734082168,4
777,0.744812738997108,0.473437262428573,4
778,0.768329884058919,0.500667640921197,4
779,0.725008827366109,0.466010795566948,4
780,0.776994095397481,0.555437834025679,4
781,0.710465329762094,0.514901702405977,4
782,0.631559119357332,0.534705614036976,4
783,0.685710440223345,0.543369825375539,4
784,0.712940818715969,0.502833693755837,4
785,0.855281433563775,0.519233808075258,4
786,0.660336678446127,0.488909068390291,4
787,0.728722060796921,0.504071438232775,4
788,0.839809627602057,0.591951296095333,4
789,0.675189612169377,0.414644399774044,4
790,0.650434722630628,0.563173737006538,4
791,0.700563373946594,0.53284899732157,4
792,0.733363602585436,0.441565342147434,4
793,0.820005715971058,0.475603315263213,4
794,0.710774765881328,0.449610681247527,4
795,0.781635637185997,0.528207455533055,4
796,0.719748413339125,0.500977077040431,4
797,0.630940247118863,0.381225298896733,4
798,0.612374079964801,0.492931737940338,4
799,0.782254509424466,0.474984443024745,4
800,0.453014478559105,0.303866269088143,4
801,0.708299276927453,0.424236919470309,4
802,0.489837376747994,0.341926911753969,4
803,0.652910211584502,0.452395606320636,4
804,0.674880176050142,0.595664529526146,4
805,0.673023559334736,0.54491700597171,4
806,1.59359601405696,0.0560079375814193,2
807,0.644555436365175,0.534396177917742,4
808,0.431044514093465,0.300462471776565,4
809,0.490146812867228,0.418357633204857,4
810,0.571528512225865,0.450229553485996,4
811,0.487671323913353,0.396697104858451,4
812,0.411550038581701,0.37813093770439,4
813,0.422380302754903,0.367919545769656,4
814,0.429187897378059,0.360802515027265,4
815,0.37317995979664,0.291179388199534,4
816,0.614849568918676,0.422070866635669,4
817,0.693755779323438,0.522947041506071,4
818,0.685091567984876,0.466320231686183,4
819,0.65414795606144,0.466320231686183,4
820,0.573075692822037,0.377821501585155,4
821,0.591641859976099,0.393602743666108,4
822,0.611136335487864,0.413716091416341,4
823,0.536252794633148,0.326145669673017,4
824,0.694993523800376,0.479007112574791,4
825,0.783801690020637,0.565649225960413,4
826,0.664359347996174,0.380915862777499,4
827,0.729650369154624,0.440327597670496,4
828,0.630940247118863,0.401648082766201,4
829,0.528826327771524,0.379059246062093,4
830,0.652600775465268,0.408455677389357,4
831,0.568743587152756,0.376274320988983,4
832,0.636200661145847,0.365753492935015,4
833,0.691280290369563,0.41433496365481,4
834,0.73150698587003,0.44558801169748,4
835,0.788752667928387,0.41433496365481,4
836,0.691899162608032,0.392674435308405,4
837,0.685710440223345,0.376274320988984,4
838,0.65414795606144,0.40721793291242,4
839,0.657242317253784,0.377202629346686,4
840,0.66404991187694,0.417119888727919,4
841,0.912527115622132,0.561626556410366,4
842,0.794013081955371,0.433210566928106,4
843,0.785039434497575,0.427021844543419,4
844,0.573694565060506,0.333572136534642,4
845,0.662502731280768,0.415882144250982,4
846,0.620728855184129,0.392983871427639,4
847,0.551724600594866,0.363896876219609,4
848,0.687876493057985,0.419904813801028,4
849,0.768639320178154,0.42423691947031,4
850,0.723771082889171,0.39948202993156,4
851,0.77049593689356,0.500667640921197,4
852,0.70025393782736,0.457965456466855,4
853,0.651981903226799,0.347806198019422,4
854,0.813816993586371,0.496026099132681,4
855,0.612374079964801,0.379678118300561,4
856,1.28354102258413,0.0745741047354812,2
857,0.657551753373018,0.470342901236229,4
858,0.626298705330347,0.405980188435482,4
859,0.575551181775912,0.383391351731374,4
860,0.530373508367695,0.365444056815781,4
861,0.514592266286743,0.396387668739217,4
862,0.518305499717555,0.367300673531187,4
863,0.447754064532121,0.371323343081234,4
864,0.626298705330347,0.35616097323875,4
865,0.761831725554998,0.528516891652289,4
866,0.779469584351356,0.490146812867228,4
867,0.757809056004951,0.492622301821103,4
868,0.610208027130161,0.22279400584874,4
869,0.565649225960413,0.321504127884501,4
870,0.588238062664521,0.369466726365828,4
871,0.550486856117929,0.376583757108218,4
872,0.601234379672364,0.377202629346686,4
873,0.806390526724746,0.471271209593932,4
874,0.649506414272925,0.40226695500467,4
875,0.750692025262561,0.418667069324091,4
876,0.664978220234643,0.354923228761812,4
877,0.669310325903924,0.411550038581701,4
878,0.594736221168443,0.381225298896733,4
879,0.60309099638777,0.383391351731374,4
880,0.619800546826426,0.388032893519889,4
881,0.855281433563775,0.517686627479087,4
882,0.816911354778714,0.483339218244072,4
883,0.738314580493186,0.418976505443325,4
884,0.599687199076192,0.350281686973297,4
885,0.621657163541832,0.399482029931561,4
886,0.571528512225866,0.379987554419796,4
887,0.60309099638777,0.394531052023811,4
888,0.605566485341645,0.393602743666108,4
889,0.800201804340058,0.456727711989917,4
890,0.800201804340058,0.429187897378059,4
891,0.694993523800376,0.406289624554716,4
892,0.681378334554064,0.403504699481607,4
893,0.607423102057051,0.384319660089077,4
894,0.662193295161533,0.370085598604296,4
895,0.607732538176286,0.34904394249636,4
896,0.561317120291132,0.362040259504203,4
897,0.626298705330347,0.340070295038563,4
898,0.685091567984876,0.386485712923717,4
899,0.659408370088424,0.359564770550328,4
900,1.55244101019879,0.0563173737006538,2
901,0.684782131865642,0.41928594156256,4
902,1.68302305251569,0.0999478665126986,2
903,0.658480061730721,0.465082487209245,4
904,0.57400400117974,0.458584328705324,4
905,0.464773051090011,0.365134620696546,4
906,0.418048197085622,0.30293796073044,4
907,0.433210566928106,0.323670180719142,4
908,0.441874778266668,0.371632779200468,4
909,0.418976505443325,0.314387097142111,4
910,0.452086170201402,0.31500596938058,4
911,0.480863729290198,0.34904394249636,4
912,0.665597092473111,0.533467869560039,4
913,0.554200089548741,0.473437262428573,4
914,0.513045085690571,0.442184214385902,4
915,0.516758319121384,0.374727140392812,4
916,0.41928594156256,0.325217361315314,4
917,0.515520574644446,0.38029699053903,4
918,0.468795720640057,0.3611119511465,4
919,0.502524257636603,0.364515748458078,4
920,0.642698819649768,0.568434151033522,4
921,0.589166371022224,0.443731394982074,4
922,0.505928054948181,0.377202629346687,4
923,0.495407226894213,0.350591123092531,4
924,0.458893764824558,0.332643828176938,4
925,0.54986798387946,0.388342329639124,4
926,0.476222187501682,0.337594806084688,4
927,0.501286513159665,0.36327800398114,4
928,0.613611824441739,0.430116205735762,4
929,0.576170054014381,0.39731597709692,4
930,0.448063500651355,0.322432436242205,4
931,0.512426213452102,0.357708153834922,4
932,0.539966028063961,0.365444056815781,4
933,0.515520574644446,0.348734506377125,4
934,0.473746698547807,0.34904394249636,4
935,0.496335535251916,0.366681801292718,4
936,0.662502731280768,0.42640297230495,4
937,0.624751524734176,0.469414592878526,4
938,0.555128397906444,0.37813093770439,4
939,0.508094107782821,0.335738189369282,4
940,0.514592266286743,0.338832550561626,4
941,0.482410909886369,0.334500444892345,4
942,0.496335535251916,0.342855220111672,4
943,0.563173737006538,0.375655448750515,4
944,0.652291339346034,0.432282258570403,4
945,0.677355665004017,0.418976505443325,4
946,0.599996635195427,0.397625413216154,4
947,0.544607569852476,0.331406083700001,4
948,0.581430468041365,0.365753492935015,4
949,0.580192723564428,0.333262700415407,4
950,0.546154750448648,0.403504699481607,4
951,0.598140018480021,0.401648082766201,4
952,0.556985014621851,0.470033465116995,4
953,0.516448883002149,0.391127254712233,4
954,0.510879032855931,0.392983871427639,4
955,0.431044514093465,0.333572136534642,4
956,0.448682372889824,0.321813564003736,4
957,0.413716091416341,0.310673863711299,4
958,0.440018161551262,0.374727140392812,4
959,0.461369253778433,0.329240030865361,4
960,0.739242888850889,0.55481896178721,4
961,0.609589154891692,0.456108839751449,4
962,0.532539561202336,0.425474663947247,4
963,0.485814707197947,0.34904394249636,4
964,0.498811024205791,0.347806198019422,4
965,0.494478918536509,0.335428753250048,4
966,0.424855791708778,0.285300101934081,4
967,0.470961773474698,0.342545783992438,4
968,0.597211710122318,0.461059817659199,4
969,0.539037719706258,0.411240602462466,4
970,0.461369253778433,0.365753492935015,4
971,0.504380874352009,0.362659131742672,4
972,0.492622301821103,0.350900559211766,4
973,0.582977648637537,0.420833122158731,4
974,0.468795720640057,0.341617475634735,4
975,0.483339218244072,0.320885255646033,4
976,0.681687770673298,0.492312865701869,4
977,0.58390595699524,0.462297562136136,4
978,0.560698248052663,0.393912179785342,4
979,0.549558547760226,0.245382842552849,4
980,0.608970282653223,0.410931166343232,4
981,0.564720917602709,0.382772479492905,4
982,0.483029782124838,0.353685484284875,4
983,0.546464186567882,0.381225298896733,4
984,0.706133224092813,0.483339218244072,4
985,0.564102045364241,0.384629096208311,4
986,0.548011367164054,0.335428753250048,4
987,0.567505842675819,0.365444056815781,4
988,0.553271781191038,0.387104585162186,4
989,0.560079375814194,0.367610109650421,4
990,0.55976993969496,0.330787211461532,4
991,0.609898591010926,0.425784100066481,4
992,0.660336678446127,0.426712408424184,4
993,0.67333299545397,0.422070866635669,4
994,0.59380791281074,0.411859474700935,4
995,0.51366395792904,0.33419100877311,4
996,0.577098362372084,0.348115634138657,4
997,0.348425070257891,0.136461328582353,4
998,0.497573279728853,0.329549466984595,4
999,0.298296418941924,0.150076517828665,4
1000,0.419904813801028,0.302319088491971,4
1001,0.525422530459946,0.40938398574706,4
1002,0.438161544835856,0.339451422800094,4
1003,0.556675578502616,0.455180531393746,4
1004,0.425784100066481,0.362040259504203,4
1005,0.446825756174418,0.357708153834922,4
1006,0.449610681247527,0.377512065465921,4
1007,0.507165799425118,0.425474663947247,4
1008,0.599377762956958,0.413097219177873,4
1009,0.488909068390291,0.349662814734828,4
1010,0.513973394048274,0.391127254712233,4
1011,0.50871298002129,0.410002857985529,4
1012,0.513354521809805,0.418357633204857,4
1013,0.533777305679273,0.441565342147434,4
1014,1.11335115700523,0.0860232411471525,2
1015,1.10468694566667,0.0733363602585435,2
1016,0.6321779915958,0.495097790774978,4
1017,0.61299295220327,0.39236499918917,4
1018,0.590094679379927,0.435686055881981,4
1019,0.556366142383382,0.373489395915874,4
1020,0.624751524734176,0.439399289312793,4
1021,0.605566485341645,0.449301245128293,4
1022,0.620419419064895,0.437233236478153,4
1023,0.518305499717555,0.405361316197013,4
1024,1.39710407834314,0.0943780163664801,2
1025,0.599687199076192,0.430116205735762,4
1026,0.572456820583569,0.425474663947247,4
1027,0.526350838817649,0.338523114442391,4
1028,0.699016193350422,0.50871298002129,4
1029,0.623513780257238,0.432282258570403,4
1030,1.41164757594716,0.0829288799548089,2
1031,0.565339789841178,0.415882144250982,4
1032,0.643008255769003,0.44342195886284,4
1033,0.609279718772458,0.38029699053903,4
1034,0.522018733148368,0.360183642788797,4
1035,0.588238062664521,0.468486284520823,4
1036,0.65909893396919,0.437233236478153,4
1037,0.614230696680207,0.418357633204857,4
1038,1.33397911001933,0.0866421133856212,2
1039,1.63939255970365,0.0965440692011209,2
1040,0.653219647703737,0.390817818592999,4
1041,0.627227013688051,0.426093536185716,4
1042,0.59597396564538,0.41433496365481,4
1043,0.570600203868162,0.332643828176938,4
1044,0.645793180842112,0.394840488143045,4
1045,0.634653480549675,0.369157290246593,4
1046,0.746669355712514,0.474056134667042,4
1047,0.702110554542766,0.526660274936883,4
1048,0.522328169267602,0.348425070257891,4
1049,0.51861493583679,0.379678118300561,4
1050,0.388342329639124,0.301390780134268,4
1051,0.482410909886369,0.406599060673951,4
1052,0.470033465116995,0.324598489076845,4
1053,0.522947041506071,0.436923800358918,4
1054,0.561007684171897,0.39731597709692,4
1055,0.546154750448648,0.412787783058638,4
1056,0.981840806330629,0.221556261371803,1
1057,0.607113665937817,0.449920117366762,4
1058,0.519852680313727,0.353685484284875,4
1059,0.538728283587023,0.410312294104763,4
1060,0.583287084756771,0.392674435308405,4
1061,0.555128397906444,0.436923800358918,4
1062,0.686948184700282,0.573694565060506,4
1063,0.668072581426986,0.571219076106631,4
1064,0.692827470965735,0.504071438232775,4
1065,0.572456820583569,0.424855791708778,4
1066,0.560698248052663,0.405051880077779,4
1067,0.570909639987397,0.411550038581701,4
1068,0.58885693490299,0.4313539502127,4
1069,0.627536449807285,0.440946469908965,4
1070,0.851877636252197,0.645483744722878,4
1071,0.674880176050142,0.544607569852476,4
1072,0.692827470965735,0.47745993197862,4
1073,0.522328169267602,0.380915862777499,4
1074,0.535015050156211,0.396078232619983,4
1075,0.498192151967322,0.358017589954156,4
1076,0.672404687096267,0.48952794062876,4
1077,0.595664529526146,0.418048197085622,4
1078,0.968225617084317,0.805462218367043,4
1079,0.71943897721989,0.537181102990851,4
1080,0.730888113631561,0.466939103924651,4
1081,0.597521146241552,0.372251651438937,4
1082,0.55698501462185,0.354304356523344,4
1083,0.533777305679273,0.350900559211766,4
1084,0.657551753373018,0.424236919470309,4
1085,0.587928626545287,0.376274320988984,4
1086,0.787824359570684,0.510879032855931,4
1087,0.814745301944074,0.660336678446127,4
1088,0.304485141326612,0.328930594746126,4
1089,0.540275464183195,0.332643828176938,4
1090,0.579573851325959,0.339451422800094,4
1091,0.464773051090011,0.306960630280486,4
1092,0.534396177917742,0.339760858919329,4
1093,0.561626556410366,0.330477775342298,4
1094,0.744812738997108,0.469724028997761,4
1095,0.668382017546221,0.504071438232775,4
1096,0.59380791281074,0.359874206669562,4
1097,0.599996635195427,0.357398717715687,4
1098,0.698706757231188,0.536252794633148,4
1099,0.681378334554064,0.556675578502616,4
1100,0.641461075172831,0.491075121224932,4
1101,0.619800546826426,0.476841059740151,4
1102,0.660955550684596,0.599996635195427,4
1103,0.725008827366109,0.565649225960413,4
1104,0.68818592917722,0.438161544835856,4
1105,0.556985014621851,0.36327800398114,4
1106,0.656314008896081,0.495097790774978,4
1107,0.781635637185997,0.544298133733242,4
1108,0.815673610301777,0.673642431573205,4
1109,0.684782131865642,0.56688697043735,4
1110,0.568434151033522,0.475603315263213,4
1111,0.698397321111954,0.570600203868162,4
1112,0.690970854250329,0.4214519943972,4
1113,0.637438405622784,0.384938532327546,4
1114,0.716654052146781,0.567196406556584,4
1115,0.7825639455437,0.595664529526146,4
1116,0.830217107905792,0.632796863834269,4
1117,0.569981331629694,0.435067183643512,4
1118,0.710155893642859,0.606804229818583,4
1119,0.880964631460227,0.638985586218956,4
1120,0.639913894576659,0.376274320988984,4
1121,0.63712896950355,0.355232664881047,4
1122,0.716654052146781,0.5619359925296,4
1123,0.648887542034456,0.459512637063027,4
1124,0.643627128007472,0.488290196151822,4
1125,0.749763716904858,0.490146812867228,4
1126,0.729031496916155,0.611755207726333,4
1127,0.895817565183476,0.633725172191972,4
1128,0.731197549750796,0.405361316197013,4
1129,0.727793752439218,0.379678118300561,4
1130,0.791847029120731,0.514592266286743,4
1131,0.896436437421945,0.604328740864708,4
1132,0.765235522866576,0.557294450741085,4
1133,0.809484887917089,0.575860617895147,4
1134,0.877870270267883,0.655695136657612,4
1135,0.806081090605511,0.569981331629694,4
1136,0.749763716904858,0.381225298896733,4
1137,0.720057849458359,0.360493078908031,4
1138,0.841975680436697,0.569981331629694,4
1139,0.811032068513261,0.530992380606164,4
1140,0.759356236601123,0.48952794062876,4
1141,0.781635637185997,0.562864300887303,4
1142,0.916240349052944,0.620728855184129,4
1143,0.904172340402804,0.641770511292066,4
1144,0.675499048288611,0.402576391123904,4
1145,0.564411481483475,0.348734506377125,4
1146,0.614540132799442,0.494788354655744,4
1147,0.641770511292066,0.540275464183195,4
1148,0.731816421989265,0.553890653429507,4
1149,0.587309754306818,0.459512637063027,4
1150,0.657861189492252,0.562245428648835,4
1151,0.766782703462747,0.59380791281074,4
1152,0.655695136657612,0.381225298896733,4
1153,0.618562802349488,0.367919545769656,4
1154,0.772971425847435,0.588238062664521,4
1155,0.705823787973578,0.570909639987397,4
1156,0.790609284643793,0.587928626545287,4
1157,0.640842202934362,0.477769368097854,4
1158,0.675808484407845,0.557294450741085,4
1159,0.74852597242792,0.530992380606164,4
1160,0.684163259627173,0.397006540977686,4
1161,0.638985586218956,0.355851537119516,4
1162,0.840428499840525,0.622894908018769,4
1163,0.747597664070217,0.532230125083102,4
1164,0.757190183766482,0.542132080898601,4
1165,0.688495365296454,0.446825756174418,4
1166,0.631868555476566,0.498192151967322,4
1167,0.835168085813541,0.638366713980487,4
1168,0.661883859042299,0.369157290246593,4
1169,0.872919292360133,0.350591123092531,4
1170,1.64496240984987,0.12841598948226,2
1171,0.865183389379275,0.569671895510459,4
1172,0.739552324970124,0.536871666871617,4
1173,0.76337890615117,0.54770193104482,4
1174,0.698087884992719,0.537181102990851,4
1175,0.80669996284398,0.564411481483475,4
1176,0.723461646769937,0.353685484284875,4
1177,0.718201232742953,0.364825184577312,4
1178,0.774828042562841,0.544298133733242,4
1179,0.697778448873485,0.558841631337257,4
1180,0.713869127073672,0.480863729290198,4
1181,0.765854395105044,0.486743015555651,4
1182,1.6245396259804,0.120680086501401,2
1183,0.844760605509807,0.628774194284222,4
1184,0.632796863834269,0.311292735949768,4
1185,0.60587592146088,0.30788893863819,4
1186,0.412478346939404,0.207322199887022,4
1187,0.362040259504203,0.168952121101961,4
1188,0.585453137591412,0.292726568795706,4
1189,0.488290196151822,0.226507239279553,4
1190,0.831764288501963,0.478697676455557,4
1191,0.652600775465268,0.336666497726985,4
1192,0.526969711056117,0.370395034723531,4
1193,0.471890081832401,0.289941643722597,4
1194,0.724699391246874,0.110468694566667,2
1195,1.08704908687031,0.0990195581549956,2
1196,0.831454852382729,0.110159258447433,2
1197,0.459822073182261,0.295820929988049,4
1198,0.715106871550609,0.108921513970495,2
1199,0.307579502518955,0.214129794510178,4
1200,0.491384557344166,0.294892621630346,4
1201,0.58390595699524,0.364825184577312,4
1202,0.620728855184129,0.464463614970776,4
1203,0.644864872484409,0.433829439166575,4
1204,0.63712896950355,0.418667069324091,4
1205,1.14336646057097,0.0850949327894494,2
1206,0.568124714914288,0.387414021281421,4
1207,0.42856902513959,0.275398146118582,4
1208,0.483029782124838,0.267043370899254,4
1209,0.624132652495707,0.338213678323157,4
1210,0.673642431573205,0.388651765758358,4
1211,0.656314008896081,0.369466726365828,4
1212,0.590713551618396,0.350591123092531,4
1213,0.593189040572271,0.324289052957611,4
1214,0.598449454599255,0.340689167277032,4
1215,0.564102045364241,0.332334392057704,4
1216,0.703657735138938,0.349353378615594,4
1217,1.14089097161709,0.0625060960853411,2
1218,0.647649797557518,0.338213678323157,4
1219,0.672404687096267,0.331715519819235,4
1220,0.635272352788144,0.339760858919329,4
1221,0.661574422923065,0.322741872361439,4
1222,0.690970854250329,0.39019894635453,4
1223,0.590404115499162,0.33419100877311,4
1224,0.771733681370497,0.398863157693092,4
1225,0.679831153957892,0.352757175927172,4
1226,0.74140894168553,0.401029210527732,4
1227,0.625370396972644,0.372561087558171,4
1228,0.717582360504484,0.272613221045472,4
1229,0.721295593935296,0.357398717715687,4
1230,0.694374651561907,0.416810452608685,4
1231,0.675189612169377,0.391436690831467,4
1232,0.621347727422598,0.348425070257891,4
1233,0.377202629346687,0.327692850269189,4
1234,0.710155893642859,0.346877889661719,4
1235,0.553581217310273,0.320885255646033,4
1236,0.715106871550609,0.33697593384622,4
1237,1.42990430698198,0.0841666244317464,2
1238,0.677046228884783,0.399482029931561,4
1239,0.691899162608032,0.386795149042952,4
1240,0.569053023271991,0.352138303688703,4
1241,0.625989269211113,0.379059246062093,4
1242,0.573075692822037,0.349353378615594,4
1243,0.594117348929974,0.400410338289264,4
1244,0.536562230752383,0.348115634138657,4
1245,0.551105728356398,0.314696533261345,4
1246,0.57400400117974,0.372251651438937,4
1247,0.428878461258825,0.280349124026331,4
1248,0.674261303811673,0.348115634138657,4
1249,0.639604458457425,0.426093536185716,4
1250,0.656932881134549,0.410621730223998,4
1251,0.645483744722878,0.369776162485062,4
1252,0.662193295161533,0.366991237411953,4
1253,0.618872238468723,0.338832550561626,4
1254,0.621966599661066,0.412168910820169,4
1255,0.603709868626239,0.393912179785342,4
1256,0.494788354655744,0.233005397783474,4
1257,0.437852108716621,0.264258445826145,4
1258,0.673642431573205,0.319647511169095,4
1259,0.626298705330347,0.350591123092531,4
1260,0.153480315140243,0.105208280539683,4
1261,0.64919697815369,0.354304356523344,4
1262,0.607732538176286,0.363896876219609,4
1263,0.587309754306818,0.397625413216154,4
1264,0.66404991187694,0.347496761900188,4
1265,0.606804229818583,0.320266383407564,4
1266,0.64703092531905,0.330477775342298,4
1267,0.65414795606144,0.370395034723531,4
1268,0.664668784115408,0.328311722507657,4
1269,0.550796292237163,0.258379159560692,4
1270,0.746978791831748,0.405670752316248,4
1271,0.569053023271991,0.327383414149954,4
1272,0.671785814857798,0.408455677389357,4
1273,0.707680404688985,0.372251651438937,4
1274,0.651981903226799,0.319647511169095,4
1275,0.704895479615875,0.380606426658265,4
1276,0.585143701472177,0.235480886737349,4
1277,0.516758319121383,0.257450851202989,4
1278,0.726246571843046,0.363587440100375,4
1279,0.658170625611487,0.423618047231841,4
1280,1.40669659803941,0.0742646686162467,2
1281,0.681687770673298,0.354613792642578,4
1282,0.684472695746407,0.299843599538096,4
1283,0.702419990662,0.362040259504203,4
1284,0.659408370088424,0.371942215319702,4
1285,0.651672467107565,0.275707582237816,4
1286,0.855590869683009,0.0884987301010273,2
1287,0.534396177917742,0.448682372889824,4
1288,0.559151067456491,0.396387668739217,4
1289,0.504999746590478,0.465082487209245,4
1290,0.396697104858451,0.304794577445846,4
1291,0.478697676455557,0.443112522743605,4
1292,0.54275095313707,0.505928054948181,4
1293,0.408455677389357,0.352757175927172,4
1294,0.431663386331934,0.381534735015968,4
1295,0.512735649571337,0.414025527535576,4
1296,0.55976993969496,0.459512637063027,4
1297,0.485195834959479,0.382772479492905,4
1298,0.574313437298975,0.447444628412887,4
1299,0.526969711056117,0.457965456466855,4
1300,0.615468441157145,0.483029782124838,4
1301,0.444969139459012,0.381534735015968,4
1302,0.485814707197947,0.364515748458078,4
1303,0.656314008896081,0.508403543902056,4
1304,0.639913894576659,0.432591694689637,4
1305,0.635272352788144,0.591641859976099,4
1306,0.553890653429507,0.454252223036043,4
1307,0.60092494355313,0.470652337355464,4
1308,0.603400432507005,0.506237491067415,4
1309,0.528826327771524,0.471271209593932,4
1310,0.539966028063961,0.429187897378059,4
1311,0.68540100410411,0.474056134667042,4
1312,0.64919697815369,0.429806769616528,4
1313,0.538728283587023,0.463225870493839,4
1314,0.591951296095333,0.426093536185716,4
1315,0.653529083822971,0.482101473767135,4
1316,0.67333299545397,0.490765685105697,4
1317,0.587619190426052,0.468176848401589,4
1318,0.585453137591412,0.464463614970776,4
1319,0.636819533384316,0.454252223036042,4
1320,0.62010998294566,0.418976505443325,4
1321,0.693446343204204,0.496026099132681,4
1322,0.618872238468723,0.440327597670496,4
1323,0.654766828299909,0.475912751382448,4
1324,0.624132652495707,0.457037148109152,4
1325,0.557603886860319,0.442493650505137,4
1326,0.606804229818583,0.443112522743606,4
1327,0.701182246185063,0.458893764824558,4
1328,0.704895479615875,0.480244857051729,4
1329,0.642389383530534,0.466629667805417,4
1330,0.553271781191038,0.366062929054249,4
1331,0.677665101123251,0.499739332563494,4
1332,0.532230125083102,0.342855220111672,4
1333,0.532539561202336,0.376583757108218,4
1334,0.526969711056117,0.421142558277966,4
1335,0.591332423856865,0.500048768682728,4
1336,0.769567628535857,0.418976505443325,4
1337,0.509331852259759,0.433829439166575,4
1338,0.446825756174418,0.343783528469375,4
1339,0.595355093406911,0.480244857051729,4
1340,0.383081915612139,0.316553149976752,4
1341,0.902934595925866,0.0631249683238098,2
1342,0.475603315263213,0.430116205735762,4
1343,0.606494793699348,0.482410909886369,4
1344,0.694993523800376,0.481482601528666,4
1345,0.574622873418209,0.494788354655744,4
1346,0.65909893396919,0.460131509301495,4
1347,0.552034036714101,0.4214519943972,4
1348,0.680140590077126,0.559151067456491,4
1349,0.49664497137115,0.395149924262279,4
1350,0.588238062664521,0.439399289312793,4
1351,0.616706185634082,0.492312865701869,4
1352,0.725008827366109,0.477769368097854,4
1353,0.643317691888237,0.461988126016902,4
1354,0.648268669795987,0.479935420932494,4
1355,0.485814707197947,0.380606426658265,4
1356,0.663431039638471,0.485195834959479,4
1357,0.548939675521757,0.453014478559105,4
1358,0.508403543902056,0.411550038581701,4
1359,0.631249683238097,0.456418275870683,4
1360,0.607113665937817,0.438780417074324,4
1361,0.639604458457425,0.475912751382448,4
1362,0.498192151967322,0.37534601263128,4
1363,0.629702502641925,0.480244857051729,4
1364,0.652291339346034,0.439708725432028,4
1365,0.568124714914288,0.454252223036043,4
1366,0.564102045364241,0.446825756174418,4
1367,1.01278441825406,0.254665926129879,1
1368,1.17028740294435,0.0603400432507006,2
1369,0.668382017546221,0.458584328705324,4
1370,0.983078550807566,0.074574104735481,2
1371,1.08735852298955,0.0714797435431375,2
1372,1.27580511960327,0.0782873381662934,2
1373,0.519233808075258,0.400100902170029,4
1374,1.16224206384426,0.0789062104047622,2
1375,0.650744158749862,0.466629667805417,4
1376,0.909123318310554,0.0934497080087771,2
1377,0.549558547760226,0.432282258570403,4
1378,0.538728283587023,0.343783528469375,4
1379,0.567505842675819,0.405670752316248,4
1380,1.13006070744389,0.0922119635318396,2
1381,0.474984443024745,0.351828867569469,4
1382,0.552343472833335,0.361730823384968,4
1383,0.455799403632214,0.401338646646967,4
1384,0.757809056004951,0.0767401575701217,2
1385,0.826503874474979,0.0730269241393093,2
1386,0.74357499452017,0.0829288799548089,2
1387,0.808247143440152,0.111706439043604,2
1388,0.413406655297107,0.382463043373671,4
1389,0.733982474823905,0.0946874524857145,2
1390,0.889319406679555,0.0869515495048555,2
1391,0.517686627479087,0.449610681247527,4
1392,0.901387415329695,0.102113919347339,2
1393,0.454871095274511,0.402885827243138,4
1394,0.420523686039497,0.348425070257891,4
1395,0.939757494114756,0.0875704217433242,2
1396,0.535015050156211,0.461988126016902,4
1397,0.453323914678339,0.378440373823624,4
1398,0.753167514216436,0.0875704217433242,2
1399,0.774209170324372,0.259307467918395,1
1400,0.494478918536509,0.414953835893279,4
1401,0.91593091293371,0.0860232411471524,2
1402,0.449610681247527,0.333881572653876,4
1403,1.08178867284333,0.101495047108871,2
1404,1.13965322714015,0.110468694566667,2
1405,0.762141161674232,0.0776684659278247,2
1406,0.539037719706258,0.4313539502127,4
1407,0.56688697043735,0.440327597670496,4
1408,0.97627095618441,0.103351663824277,2
1409,0.818458535374886,0.0733363602585437,2
1410,0.777922403755185,0.0717891796623719,2
1411,1.01495047108871,0.0844760605509807,2
1412,1.10963792357442,0.101804483228105,2
1413,0.538418847467789,0.40938398574706,4
1414,1.05177336927759,0.0860232411471525,2
1415,0.892104331752664,0.0594117348929975,2
1416,0.466629667805417,0.408146241270123,4
1417,1.08116980060486,0.0662193295161534,2
1418,0.981531370211394,0.0785967742855278,2
1419,0.56472091760271,0.46044094542073,4
1420,1.22938970171812,0.110778130685901,2
1421,1.04960731644295,0.0745741047354811,2
1422,1.11056623193212,0.0990195581549956,2
1423,1.2139178957564,0.0999478665126988,2
1424,1.21113297068329,0.0717891796623718,2
1425,1.06043758061616,0.0640532766815129,2
1426,0.987410656476847,0.0847854966702151,2
1427,0.553890653429507,0.469105156759292,4
1428,1.18080823099832,0.100876174870402,2
1429,1.08209810896256,0.0792156465239966,2
1430,1.14893631071718,0.0733363602585436,2
1431,0.751001461381795,0.0823100077163401,2
1432,0.747288227950983,0.0872609856240898,2
1433,0.435067183643512,0.35616097323875,4
1434,0.773590298085903,0.0640532766815128,2
1435,0.492931737940338,0.394840488143045,4
1436,0.900149670852757,0.0990195581549956,2
1437,0.884677864891039,0.0717891796623719,2
1438,0.9329498994916,0.0909742190549022,2
1439,1.03444494660047,0.0742646686162467,2
1440,0.42856902513959,0.386795149042952,4
1441,0.965131255891973,0.0854043689086836,2
1442,0.382772479492905,0.287156718649487,4
1443,0.494788354655744,0.48457696272101,4
1444,0.582358776399068,0.54275095313707,4
1445,1.02547129914267,0.0949968886049489,2
1446,0.8429039887944,0.0999478665126988,2
1447,1.12325311282073,0.0832383160740432,2
1448,1.00628625975014,0.0745741047354811,2
1449,0.919953582483756,0.0705514351854343,2
1450,0.850949327894494,0.0625060960853411,2
1451,1.11551720983987,0.0782873381662935,2
1452,1.0635319418085,0.113563055759011,2
1453,0.529445200009992,0.401029210527732,4
1454,0.768948756297388,0.242907353598974,1
1455,0.597830582360786,0.445278575578246,4
1456,0.543060389256304,0.466010795566948,4
1457,0.452395606320636,0.370085598604296,4
1458,0.490456248986463,0.343474092350141,4
1459,0.924595124272272,0.0860232411471524,2
1460,0.576170054014381,0.463535306613073,4
1461,0.535324486275445,0.414025527535576,4
1462,1.05579603882764,0.0659098933969189,2
1463,1.014022162731,0.0705514351854345,2
1464,1.10747187073978,0.0804533910009339,2
1465,0.954610427838005,0.0677665101123252,2
1466,0.981531370211394,0.0717891796623718,2
1467,1.00752400422708,0.10644602501662,2
1468,1.19597060084081,0.0999478665126986,2
1469,0.930474410537725,0.0891176023394962,2
1470,1.02237693795033,0.0702419990662,2
1471,0.589785243260693,0.413716091416341,4
1472,1.19968383427162,0.077977902047059,2
1473,0.863945644902337,0.0767401575701217,2
1474,0.721605030054531,0.0532230125083101,2
1475,1.1634798083212,0.0937591441280114,2
1476,0.57678892625285,0.416810452608685,4
1477,0.596592837883849,0.428259589020356,4
1478,0.615777877276379,0.406289624554717,4
1479,1.0725055892663,0.141412306490103,2
1480,1.20339706770243,0.0996384303934643,2
1481,1.16657416951354,0.112015875162839,2
1482,1.11427946536294,0.0891176023394961,2
1483,1.14615138564407,0.112944183520542,2
1484,1.07126784478936,0.0903553468164336,2
1485,1.30148831749972,0.104898844420449,2
1486,1.48003295829795,0.0928308357703083,2
1487,1.30148831749972,0.129344297839963,2
1488,1.32933756823082,0.104589408301214,2
1489,1.41690798997414,0.129963170078432,2
1490,1.29003918108805,0.0984006859165268,2
1491,0.640223330695894,0.547392494925585,4
1492,0.638676150099722,0.506237491067415,4
1493,1.41845517057031,0.0863326772663867,2
1494,1.34976035210028,0.0835477521932775,2
1495,1.38534550581224,0.167095504386555,2
1496,1.4741536720325,0.127487681124557,2
1497,1.33274136554239,0.100876174870402,2
1498,1.31881674017685,0.114800800235948,2
1499,1.57100717735285,0.0711703074239032,2
1500,1.42309671235883,0.140793434251635,2
1501,1.35842456343885,0.0860232411471524,2
1502,1.36616046641971,0.102113919347339,2
1503,1.70932512265061,0.120989522620635,2
1504,0.660336678446127,0.491075121224932,4
1505,0.775137478682075,0.562554864768069,4
1506,0.626917577568816,0.454871095274511,4
1507,1.70746850593521,0.0841666244317463,2
1508,0.896745873541179,0.638676150099722,4
1509,1.26714090826471,0.0999478665126987,2
1510,0.646721489199815,0.480244857051729,4
1511,1.61247161733026,0.09932899427423,2
1512,1.26806921662241,0.0987101220357613,2
1513,1.47570085262867,0.0609589154891693,2
1514,1.66755124655397,0.143887795443978,2
1515,1.92314548104156,0.0733363602585434,2
1516,1.72046482294305,0.0937591441280116,2
1517,1.50293123112129,0.0869515495048555,2
1518,1.13841548266322,0.0745741047354812,2
1519,1.73995929845481,0.0841666244317463,2
1520,1.70437414474286,0.0847854966702148,2
1521,0.717582360504484,0.577717234610553,4
1522,1.93954559536098,0.0946874524857145,2
1523,0.738005144373952,0.5015959492789,4
1524,1.54501454333717,0.0841666244317462,2
1525,0.599687199076192,0.446206883935949,4
1526,1.83186182586742,0.0891176023394962,2
1527,1.22753308500271,0.125012192170682,2
1528,1.38905873924305,0.103661099943511,2
1529,1.45837242995155,0.108921513970495,2
1530,0.587619190426052,0.532230125083102,4
1531,0.537181102990851,0.437233236478153,4
1532,0.956157608434177,0.283752921337909,1
1533,0.508403543902056,0.429497333497294,4
1534,0.583596520876006,0.490456248986463,4
1535,0.60092494355313,0.502833693755837,4
1536,1.52397288722923,0.104898844420448,2
1537,1.14491364116714,0.115110236355182,2
1538,0.684472695746407,0.528826327771524,4
1539,0.60587592146088,0.465082487209245,4
1540,0.859613539233056,0.643008255769003,4
1541,0.779779020470591,0.674261303811673,4
1542,0.697778448873485,0.539656591944726,4
1543,0.692827470965735,0.489218504509525,4
1544,0.805771654486277,0.482101473767135,4
1545,0.743884430639405,0.573075692822037,4
1546,0.75347695033567,0.553890653429507,4
1547,0.778541275993653,0.58390595699524,4
1548,0.726556007962281,0.487980760032588,4
1549,0.694993523800376,0.507165799425118,4
1550,1.42804769026658,0.0968535053203551,2
1551,0.589785243260693,0.378440373823624,4
1552,0.575241745656678,0.371323343081234,4
1553,0.65414795606144,0.523875349863774,4
1554,1.6344415817959,0.11139700292437,2
1555,1.45218370756686,0.381844171135202,1
1556,1.87301682972559,0.0987101220357613,2
1557,1.60597345882634,0.0919025274126052,2
1558,1.72758185368544,0.0850949327894495,2
1559,0.70520491573511,0.5015959492789,4
1560,1.52335401499076,0.0711703074239032,2
1561,1.66662293819627,0.105208280539683,2
1562,1.87332626584482,0.108302641732026,2
1563,0.887153353844914,0.655076264419143,4
1564,1.65826816297694,0.057245682058357,2
1565,1.6957099334043,0.0751929769739497,2
1566,1.69323444445043,0.0990195581549957,2
1567,1.5660561994451,0.107683769493558,2
1568,0.602472124149302,0.490456248986463,4
1569,0.691280290369563,0.499739332563494,4
1570,1.44847047413605,0.0943780163664801,2
1571,0.704276607377406,0.564102045364241,4
1572,1.19999327039085,0.280039687907097,1
1573,1.41690798997414,0.0634344044430442,2
1574,0.645174308603643,0.441565342147434,4
1575,0.94006693023399,0.080453391000934,2
1576,0.383081915612139,0.271375476568535,4
1577,0.885915609367977,0.107374333374323,2
1578,0.801130112697762,0.115729108593651,2
1579,1.06724517523931,0.0776684659278247,2
1580,1.37296806104286,0.134914147986182,2
1581,0.509022416140524,0.505928054948181,4
1582,0.440327597670496,0.412787783058638,4
1583,0.457346584228386,0.327383414149954,4
1584,0.507784671663587,0.351519431450235,4
1585,0.536562230752383,0.368538418008124,4
1586,1.05208280539683,0.0820005715971057,2
1587,0.612064643845567,0.533467869560039,4
1588,0.664978220234643,0.565958662079647,4
1589,1.46394228009776,0.153170879021009,2
1590,0.612374079964801,0.588547498783755,4
1591,1.24114827424902,0.0764307214508874,2
1592,1.07033953643166,0.0922119635318397,2
1593,0.504690310471243,0.324289052957611,4
1594,1.13160788804006,0.0782873381662933,2
1595,0.756571311528013,0.481482601528666,4
1596,0.764616650628107,0.591641859976099,4
1597,1.68952121101961,0.164310579313446,2
1598,1.24919361334912,0.107683769493558,2
1599,1.35378302165033,0.064981585039216,2
1600,1.37575298611597,0.0668382017546221,2
1601,0.564720917602709,0.323670180719142,4
1602,0.580502159683662,0.356779845477219,4
1603,1.50324066724053,0.0940685802472457,2
1604,1.54192018214482,0.107064897255089,2
1605,1.50169348664436,0.120370650382167,2
1606,0.790609284643793,0.608660846533989,4
1607,0.57400400117974,0.325836233553783,4
1608,1.46084791890542,0.0816911354778714,2
1609,1.22536703216807,0.0736457963777779,2
1610,1.22258210709496,0.0801439548816995,2
1611,1.61618485076107,0.107064897255089,2
1612,1.65672098238077,0.119751778143698,2
1613,1.57007886899515,0.112944183520542,2
1614,0.770186500774325,0.534396177917742,4
1615,1.44228175175136,0.0640532766815128,2
1616,0.681997206792532,0.399482029931561,4
1617,0.484886398840244,0.303866269088143,4
1618,1.29932226466508,0.0946874524857145,2
1619,1.65486436566536,0.109540386208964,2
1620,0.770805373012794,0.497882715848088,4
1621,1.61866033971494,0.105208280539683,2
1622,1.73036677875855,0.116657416951354,2
1623,1.07188671702783,0.0903553468164336,2
1624,0.90386290428357,0.069313690708497,2
1625,1.15636277757881,0.0959251969626521,2
1626,0.992671070503831,0.0789062104047622,2
1627,0.496026099132681,0.406599060673951,4
1628,0.676736792765548,0.574932309537443,4
1629,0.660955550684596,0.596283401764614,4
1630,0.602162688030067,0.49664497137115,4
1631,1.08395472567797,0.0683853823507939,2
1632,1.29777508406891,0.0730269241393094,2
1633,0.463844742732308,0.298296418941924,4
1634,0.946874524857146,0.0553890653429506,2
1635,1.41040983147022,0.112325311282073,2
1636,1.52799555677928,0.117276289189823,2
1637,0.761831725554998,0.65909893396919,4
1638,0.601543815791599,0.577098362372084,4
1639,1.03753930779281,0.0816911354778714,2
1640,0.583287084756771,0.351519431450234,4
1641,0.507475235544353,0.309126683115127,4
1642,1.22629534052577,0.0782873381662934,2
1643,1.52892386513698,0.0984006859165269,2
1644,0.771733681370497,0.533467869560039,4
1645,1.59607150301084,0.120061214262932,2
1646,1.6047357143494,0.143268923205509,2
1647,0.63712896950355,0.377202629346686,4
1648,1.37111144432746,0.0748835408547155,2
1649,0.656932881134549,0.375964884869749,4
1650,0.584524829233709,0.352757175927172,4
1651,1.48436506396723,0.0881892939817931,2
1652,0.655385700538377,0.462297562136136,4
1653,0.775756350920544,0.609279718772458,4
1654,0.77049593689356,0.546154750448648,4
1655,0.668382017546221,0.388032893519889,4
1656,1.58121856928759,0.0869515495048554,2
1657,1.1743100724944,0.101495047108871,2
1658,1.07900374777022,0.0730269241393093,2
1659,1.61525654240337,0.0612683516084035,2
1660,1.62732455105351,0.0987101220357614,2
1661,0.427021844543419,0.529754636129227,4
1662,0.77049593689356,0.523256477625305,4
1663,1.27673342796098,0.0690042545892626,2
1664,1.14986461907489,0.0671476378738563,2
1665,1.21917830978338,0.0820005715971058,2
1666,1.19844608979468,0.0863326772663868,2
1667,1.58802616391074,0.140793434251634,2
1668,0.543679261494773,0.418667069324091,4
1669,0.627227013688051,0.492312865701869,4
1670,1.57626759137984,0.0956157608434178,2
